,City,Latitude,Temperature,Humidity,Cloudiness,Wind Speed
0,kununurra,-15.77,86.0,70,45,6.93
1,sao filipe,14.9,72.68,65,97,11.83
2,hilo,19.73,63.95,89,20,5.82
3,busselton,-33.65,61.0,66,0,5.99
4,klaksvik,62.23,41.0,58,94,25.28
5,saint anthony,45.02,30.87,86,90,14.99
6,thompson,55.74,-18.4,75,75,4.7
7,bethel,41.37,36.32,100,40,2.77
8,albany,42.6,33.67,74,75,3.36
9,port alfred,-33.59,75.99,88,44,5.99
10,barrow,71.29,10.4,85,90,31.09
11,gazojak,41.19,35.22,53,100,8.03
12,cape town,-33.93,81.23,65,20,20.8
13,tazovskiy,67.47,-13.67,97,17,10.69
14,mendoza,-32.89,82.4,61,75,10.29
15,naryan-mar,67.67,20.12,94,100,15.35
16,sfantu gheorghe,45.87,24.53,91,68,0.22
17,weligama,5.97,75.4,81,75,1.61
18,bosaso,11.28,75.69,64,98,12.08
19,tura,25.52,63.32,66,0,1.79
20,ushuaia,-54.8,47.39,75,75,1.41
21,cuamba,-14.8,75.07,86,100,4.97
22,rikitea,-23.12,77.5,79,0,10.8
23,hailakandi,24.68,60.93,80,0,1.95
24,kapaa,22.08,74.5,88,90,19.46
25,port hedland,-20.32,86.0,79,40,5.82
26,hasaki,35.73,42.6,75,75,2.24
27,bengkulu,-3.8,74.95,90,98,3.13
28,saskylakh,71.92,-16.71,94,0,14.65
29,arraial do cabo,-22.97,81.52,61,75,3.36
30,punta arenas,-53.15,50.61,71,40,13.87
31,kampot,10.62,77.97,88,0,2.24
32,kaitangata,-46.28,55.0,88,100,8.01
33,beira,-19.84,84.7,70,0,14.0
34,georgetown,5.41,83.71,70,20,4.7
35,tiksi,71.69,-17.66,88,41,7.05
36,elliot lake,46.38,24.8,92,90,9.17
37,nikolskoye,59.7,36.23,74,20,6.71
38,butaritari,3.07,83.53,81,99,17.07
39,cidreira,-30.18,75.49,81,22,24.45
40,farmington,36.73,17.74,67,1,8.05
41,mataura,-46.19,48.99,92,96,3.0
42,deputatskiy,69.3,-26.64,67,31,3.15
43,fortuna,40.6,43.02,100,75,4.7
44,yeppoon,-23.13,78.8,78,75,8.05
45,hermanus,-34.42,70.5,92,0,14.65
46,nyagan,62.14,-8.37,91,99,4.94
47,broome,42.25,31.86,86,1,5.82
48,tautira,-17.73,77.0,83,90,2.24
49,marzuq,14.4,64.04,23,0,9.04
50,cayenne,4.93,80.6,88,50,8.05
51,dikson,73.51,-5.22,95,100,15.05
52,vaini,-21.2,77.0,94,75,6.93
53,husavik,66.04,33.8,98,90,46.08
54,sabang,5.89,82.09,77,2,16.71
55,bredasdorp,-34.53,80.33,62,9,13.15
56,yellowknife,62.46,-32.37,66,90,3.36
57,atuona,-9.8,80.83,77,0,20.65
58,mbandaka,0.05,94.33,36,3,2.24
59,cortland,42.6,33.08,100,1,10.07
60,torbay,47.67,16.61,72,40,17.22
61,tuktoyaktuk,69.45,-14.8,68,5,9.17
62,kruisfontein,-34.0,81.77,60,26,17.54
63,vestmannaeyjar,63.44,37.4,59,75,31.09
64,mount gambier,-37.83,60.8,93,90,9.17
65,hobart,-42.88,63.27,82,90,9.17
66,yulara,-25.24,95.0,19,40,3.36
67,erzin,36.96,59.92,41,20,4.7
68,san rafael del sur,11.85,82.4,65,20,9.17
69,cabo san lucas,22.89,61.65,51,5,3.18
70,yumen,40.28,18.93,54,100,3.94
71,lucea,18.45,82.71,65,75,20.8
72,qaanaaq,77.48,-9.63,47,62,6.4
73,lulindi,-10.82,81.03,88,100,4.0
74,ribeira grande,38.52,59.0,62,20,14.99
75,tynda,55.17,-18.87,97,0,1.48
76,puerto ayora,-0.74,77.9,83,90,14.99
77,fukue,32.69,44.6,65,75,10.29
78,adwa,14.16,71.96,15,0,3.2
79,vammala,61.33,38.84,80,90,17.22
80,puerto escondido,15.85,73.4,100,5,9.17
81,laguna,38.42,44.19,87,1,9.17
82,whitehorse,60.72,-42.2,65,5,3.09
83,naron,43.52,58.78,67,40,28.86
84,sechura,-5.56,70.68,87,95,5.1
85,hithadhoo,-0.6,81.25,81,9,14.74
86,coahuayana,18.73,69.8,60,40,2.71
87,aklavik,68.22,-18.99,74,5,3.36
88,noumea,-22.28,77.5,83,90,11.41
89,mobaye,4.32,98.22,16,0,3.65
90,ilulissat,69.22,5.0,60,75,13.87
91,shingu,33.73,48.09,87,100,6.26
92,novo aripuana,-5.12,90.27,50,84,3.11
93,ahipara,-35.17,61.0,100,96,6.13
94,constitucion,-35.33,68.32,57,16,13.31
95,ngunguru,-35.62,62.01,95,100,5.01
96,port augusta,-32.5,73.31,73,0,12.75
97,ust-omchug,61.15,-33.83,95,8,5.48
98,mar del plata,-38.0,76.15,73,90,13.87
99,iqaluit,63.75,-16.28,62,75,9.17
100,jerantut,3.94,71.91,91,100,1.32
101,chokurdakh,70.63,-18.09,98,100,0.69
102,qui nhon,13.77,64.62,88,2,2.93
103,jamestown,42.1,35.51,80,1,8.05
104,khorostkiv,49.21,32.95,81,0,4.25
105,merauke,-8.47,75.22,88,27,3.6
106,airai,-8.93,67.93,90,100,1.68
107,morondava,-20.28,86.36,62,78,7.47
108,dali,25.7,40.23,83,0,3.56
109,port elizabeth,-33.92,78.8,78,20,21.92
110,mahebourg,-20.41,83.5,79,75,6.93
111,nanakuli,21.39,74.43,83,90,4.7
112,krutinka,56.01,15.62,93,97,12.08
113,provideniya,64.38,21.54,97,100,6.38
114,norman wells,65.28,-36.4,73,5,5.37
115,flinders,-34.58,64.8,100,40,6.51
116,bluff,-46.6,48.99,92,86,3.0
117,sitka,57.05,15.8,52,1,8.05
118,carlos chagas,-17.7,90.91,43,23,4.52
119,kodiak,57.79,33.8,55,90,10.29
120,cardston,49.2,-13.23,69,90,8.05
121,ancud,-41.87,57.2,58,75,14.99
122,piranshahr,36.7,19.02,52,0,7.47
123,nalut,30.33,52.61,60,61,14.54
124,zalantun,48.0,-4.14,86,0,3.42
125,omboue,-1.57,85.69,73,72,4.61
126,yatou,37.15,29.68,65,0,9.44
127,najran,17.49,75.2,19,0,9.17
128,east london,-33.02,80.6,74,20,17.22
129,ukmerge,55.25,38.34,80,75,9.17
130,castro,-24.79,78.8,47,100,3.62
131,nishihara,26.18,62.44,82,90,14.99
132,norsup,-16.07,81.91,81,100,21.41
133,damietta,31.42,64.4,72,40,3.36
134,nelson bay,-32.72,68.81,94,11,5.82
135,san jose,37.34,45.1,87,75,2.64
136,magdalena,14.2,79.14,74,40,5.82
137,khatanga,71.97,-19.66,88,56,5.5
138,gunib,42.39,24.89,74,0,1.72
139,aksay,47.26,35.6,93,75,6.71
140,santa maria,-29.68,80.6,69,60,6.93
141,asfi,32.3,65.97,29,93,12.77
142,hofn,64.25,41.76,78,100,36.08
143,tilichiki,60.47,32.23,92,100,28.59
144,vardo,70.37,24.51,68,75,11.41
145,port blair,11.67,79.43,79,1,14.18
146,lyuban,52.8,36.07,89,96,6.78
147,palizada,18.25,77.0,83,5,11.41
148,havre-saint-pierre,50.23,-4.0,70,1,3.36
149,narsaq,60.92,15.8,61,75,3.71
150,safaga,26.73,71.6,46,10,3.36
151,owando,-0.48,94.33,34,76,3.27
152,kavieng,-2.57,83.28,79,100,20.87
153,fort nelson,58.81,-38.2,72,75,0.83
154,guanica,17.97,79.79,57,40,16.11
155,boa vista,2.82,86.0,51,20,11.41
156,coihaique,-45.58,54.86,62,40,11.41
157,kosh-agach,50.0,-7.94,94,1,1.52
158,grand gaube,-20.01,83.64,79,75,6.93
159,obo,5.4,95.81,12,1,5.44
160,kieta,-6.22,80.22,76,100,6.02
161,pevek,69.7,-17.59,87,0,6.85
162,touros,-5.2,87.8,48,40,11.41
163,bambous virieux,-20.34,83.53,79,75,6.93
164,bonthe,7.53,85.48,64,0,13.18
165,broken hill,-31.95,89.6,29,33,11.41
166,cao bang,22.67,54.88,96,100,2.68
167,talnakh,69.49,6.8,92,75,26.84
168,pozo colorado,-23.49,95.63,43,9,11.32
169,avarua,-21.21,77.0,88,81,11.41
170,aksu,41.12,25.59,93,100,2.39
171,lebu,-37.62,69.69,54,0,10.22
172,padang,-0.95,68.9,96,100,4.21
173,parauna,-16.95,84.2,60,32,5.7
174,mitu,1.2,82.92,66,13,3.56
175,severo-kurilsk,50.68,17.91,83,92,31.94
176,karratha,-20.74,84.81,81,13,8.81
177,tasiilaq,65.61,15.01,60,100,2.44
178,lorengau,-2.02,83.68,76,100,22.73
179,richards bay,-28.78,80.92,69,63,12.93
180,victoria,22.29,65.77,63,0,10.29
181,klintsy,52.76,31.96,95,29,4.56
182,staryy nadym,65.61,-16.08,94,0,4.99
183,hamilton,39.18,43.66,93,90,8.97
184,souillac,-20.52,83.5,79,75,6.93
185,aden,12.78,76.62,64,51,10.67
186,pangnirtung,66.15,-18.4,68,90,4.7
187,ko samui,9.54,82.4,69,20,10.29
188,gazanjyk,39.24,39.36,61,24,5.35
189,saint-georges,12.06,79.66,76,1,21.07
190,ambilobe,-13.2,79.48,84,100,2.75
191,matamoros,25.53,50.5,57,5,0.27
192,fairbanks,64.84,0.93,84,90,1.52
193,renqiu,38.7,23.52,71,0,4.52
194,sarkand,45.41,14.97,89,74,2.71
195,faanui,-16.48,80.89,80,96,16.84
196,mabaruma,8.2,83.35,69,58,4.65
197,jinchang,38.5,13.51,78,100,3.22
198,brainerd,46.36,23.02,85,90,11.41
199,kysyl-syr,63.9,-5.44,99,100,4.12
200,clyde river,70.47,-16.6,75,90,4.7
201,hobyo,5.35,78.08,72,31,20.71
202,san patricio,19.22,68.0,72,20,9.17
203,trelew,-43.25,84.34,18,0,22.77
204,kambove,-10.88,72.07,84,77,6.96
205,poum,-20.23,80.11,79,99,23.11
206,beidao,34.57,26.02,81,100,5.99
207,dickinson,29.46,70.72,94,90,8.05
208,karla,59.37,37.17,79,90,17.22
209,yerbogachen,61.28,-9.76,98,32,5.88
210,logrono,42.47,48.27,57,90,2.24
211,abu kamal,34.45,50.95,42,0,4.36
212,uige,-7.61,78.53,84,31,4.25
213,caceres,39.52,50.0,77,100,1.01
214,baruun-urt,46.68,-4.83,95,0,7.85
215,annau,37.89,42.8,60,20,4.7
216,shihezi,44.3,14.41,95,100,3.89
217,pacific grove,36.62,44.2,87,90,8.05
218,dubbo,-32.25,77.0,53,96,19.46
219,utevka,52.9,22.06,95,94,4.99
220,keningau,5.34,78.26,88,75,4.7
221,preston,53.77,46.56,100,75,4.7
222,payakumbuh,-0.22,68.18,97,92,1.07
223,wonthaggi,-38.6,70.32,41,0,8.37
224,abu samrah,35.3,49.8,49,0,8.7
225,mayo,38.89,44.35,100,90,6.82
226,zhuanghe,39.7,17.01,46,0,7.36
227,dryden,49.78,17.6,92,90,3.36
228,brigantine,39.41,44.92,87,90,7.49
229,acapulco,16.86,77.0,73,5,8.05
230,clinton,42.59,34.45,100,75,8.05
231,camacha,33.08,68.0,68,20,18.34
232,kyshtovka,56.55,17.44,93,100,13.47
233,new norfolk,-42.78,63.27,82,90,9.17
234,san quintin,30.48,53.51,87,33,7.27
235,kirkuk,35.47,46.18,56,0,9.62
236,berbera,10.44,77.25,73,0,12.06
237,longyearbyen,78.22,-2.2,77,20,6.93
238,kayes,14.0,90.77,13,0,7.02
239,pimentel,-6.84,66.2,29,40,14.99
240,mezen,65.85,24.51,92,90,9.04
241,darnah,32.77,55.74,88,100,20.18
242,faranah,10.04,96.03,13,0,5.14
243,divnogorsk,55.96,19.4,73,100,8.95
244,carnarvon,-24.87,75.96,88,100,9.04
245,atikokan,48.76,22.14,95,100,6.53
246,iquique,-20.22,73.4,60,75,13.87
247,kavali,14.92,73.08,67,0,7.78
248,katsuura,35.13,47.17,71,75,3.36
249,hervey bay,-25.3,74.23,83,75,5.82
250,batemans bay,-35.72,66.38,88,68,1.99
251,itarema,-2.92,88.97,56,48,11.36
252,portobelo,9.55,84.63,66,20,11.41
253,chuy,-33.7,81.32,52,45,10.78
254,saint-philippe,-21.36,80.92,70,75,3.36
255,makakilo city,21.35,74.43,83,90,4.7
256,antalaha,-14.9,83.12,76,100,15.66
257,dejen,10.17,82.42,22,0,3.58
258,isangel,-19.55,78.03,84,66,19.82
259,keti bandar,24.14,65.62,34,0,9.93
260,strezhevoy,60.73,21.2,85,75,8.95
261,elko,41.0,31.93,59,75,12.75
262,alofi,-19.06,75.2,94,97,11.41
263,ekimchan,53.07,-20.25,99,36,1.5
264,iquitos,-3.75,42.8,100,75,4.7
265,salalah,17.02,75.2,14,0,19.46
266,sao joao da barra,-21.64,80.6,61,75,6.93
267,half moon bay,37.46,45.41,87,75,11.39
268,shubarshi,48.59,24.91,93,89,16.2
269,apac,1.98,89.96,23,30,3.71
270,kavaratti,10.57,81.46,68,100,10.78
271,buchanan,5.88,91.4,46,20,6.93
272,tougue,11.47,90.84,15,0,5.1
273,luang prabang,19.89,63.7,83,3,1.36
274,kungurtug,50.6,-5.49,84,0,3.22
275,lewistown,40.6,36.0,93,90,1.92
276,severnoye,56.35,16.3,92,100,11.9
277,port lincoln,-34.73,63.21,87,57,16.33
278,dunedin,-45.87,54.0,85,100,5.01
279,derzhavinsk,51.1,25.54,94,100,17.16
280,san rafael,-34.62,83.57,46,0,6.42
281,radhan,27.18,57.02,46,0,7.31
282,saint george,37.1,25.12,86,1,2.59
283,loandjili,-4.76,87.8,74,20,12.75
284,huarmey,-10.07,78.66,55,2,6.96
285,guerrero negro,27.98,56.62,89,100,7.23
286,muisne,0.6,78.8,94,90,5.82
287,te anau,-45.42,46.8,80,96,1.03
288,brae,60.4,42.04,75,20,26.4
289,portland,45.52,33.75,93,90,5.82
290,barabai,-2.58,75.27,93,40,1.3
291,bonavista,48.65,17.01,83,100,18.01
292,eirunepe,-6.66,76.19,85,99,1.9
293,pokrovsk,48.28,31.12,94,74,5.19
294,buta,2.79,99.05,16,1,1.21
295,solhan,38.96,16.92,47,62,6.31
296,mankono,8.06,97.48,13,0,5.73
297,orhei,47.38,44.6,52,93,3.36
298,kropotkin,45.44,39.0,83,100,6.11
299,krasnyy chikoy,50.36,-6.59,99,100,1.05
300,vila velha,-20.33,80.53,69,75,17.22
301,spas-klepiki,55.13,32.0,82,95,3.0
302,tabory,58.52,16.21,96,86,5.08
303,mykolayivka,47.54,35.78,83,89,2.13
304,moerai,-22.43,76.08,80,100,16.64
305,agadez,19.75,66.51,17,0,17.38
306,viedma,-40.81,90.66,23,0,17.45
307,ambulu,-8.35,83.19,74,27,6.13
308,upernavik,72.79,-2.72,63,93,4.07
309,huanuco,-9.93,68.0,82,75,2.24
310,port macquarie,-31.43,68.67,88,100,2.08
311,turki,51.99,21.87,95,100,6.08
312,praia da vitoria,38.73,55.4,82,40,18.01
313,mangai,-4.05,92.89,39,44,2.68
314,svetlogorsk,52.63,36.09,94,100,4.29
315,bubaque,11.28,80.53,53,0,4.36
316,hualmay,-11.1,75.52,64,38,8.25
317,karakol,42.49,16.72,68,92,3.71
318,saint-francois,46.42,54.9,54,99,12.75
319,avera,33.19,65.73,90,90,5.82
320,henties bay,-22.12,70.0,80,9,5.01
321,rawson,-43.3,71.55,48,0,10.76
322,vrbove,48.62,29.88,86,90,5.82
323,voi,-3.39,76.73,75,91,10.42
324,srednekolymsk,67.45,-31.43,96,0,1.21
325,saint-pierre,-21.34,80.91,70,75,3.36
326,morgan city,29.7,69.33,100,90,4.7
327,caborca,30.58,37.0,79,1,3.0
328,kimberley,-28.73,84.2,51,40,3.36
329,nuevitas,21.55,77.0,78,20,14.99
330,mareeba,-17.0,76.96,88,75,6.93
331,rio gallegos,-51.62,48.2,93,90,12.75
332,manaus,-3.1,77.0,94,75,6.93
333,bereda,43.27,57.78,67,40,28.86
334,emerald,-23.53,81.12,65,40,11.41
335,gat,31.61,62.87,42,20,4.7
336,chapais,49.78,-18.4,75,1,4.52
337,shimoda,34.67,44.55,65,100,1.99
338,aykhal,66.0,-11.2,83,91,4.47
339,raudeberg,61.99,40.73,75,40,29.97
340,falun,60.6,38.12,93,90,12.75
341,vao,-22.67,77.07,86,67,16.31
342,beibei,29.83,48.2,61,75,6.71
343,berlevag,70.86,23.0,79,75,11.41
344,san juan,-31.54,91.35,41,5,6.38
345,moorpark,34.29,42.13,86,1,4.99
346,kalmunai,7.42,79.72,65,60,14.0
347,picui,-6.51,92.08,28,0,9.82
348,chamalieres,45.78,55.78,50,97,19.46
349,taltal,-25.4,65.91,69,74,8.14
350,hambantota,6.12,78.8,83,75,4.7
351,storsteinnes,69.24,32.56,59,75,23.04
352,rocha,-34.48,88.61,29,55,13.73
353,asau,46.43,38.8,70,66,3.36
354,esperance,-33.87,66.2,88,90,13.87
355,bathsheba,13.22,84.2,62,40,26.4
356,kilindoni,-7.91,84.22,78,100,22.24
357,conceicao do araguaia,-8.26,95.0,53,40,2.24
358,vite,17.28,73.22,48,0,2.89
359,opuwo,-18.06,88.39,31,95,16.31
360,elizabeth city,36.29,56.41,100,90,4.7
361,rio cuarto,-33.13,77.0,78,90,14.99
362,cassilandia,-19.11,85.23,67,14,5.73
363,nanortalik,60.14,20.88,67,27,8.7
364,waterloo,43.47,32.74,94,90,9.17
365,moroni,-11.7,80.6,83,75,13.87
366,oussouye,12.48,89.6,22,9,6.93
367,cabedelo,-6.98,87.8,45,40,9.17
368,nouakchott,18.09,77.0,13,100,11.41
369,tevriz,57.51,15.55,94,94,6.51
370,luau,-10.71,76.77,78,100,5.82
371,oistins,13.07,84.2,62,40,26.4
372,umea,63.83,35.28,93,90,20.8
373,monok,48.22,27.9,100,90,5.82
374,lazaro cardenas,17.96,77.27,75,35,2.77
375,leningradskiy,69.38,-13.05,74,0,3.47
376,yar-sale,66.83,-12.8,80,0,8.59
377,cabra,37.47,53.74,58,88,1.12
378,cherskiy,68.75,-22.68,73,23,3.83
379,batticaloa,7.71,69.39,80,44,2.55
380,sukumo,32.93,45.32,83,77,21.18
381,mikuni,36.22,41.0,80,75,6.93
382,awbari,26.59,52.11,51,98,14.99
383,kurush,41.28,39.2,60,6,3.2
384,tromso,69.65,32.47,69,40,23.04
385,beruwala,6.48,74.75,76,0,4.7
386,ponta do sol,32.67,63.66,68,20,19.46
387,leh,34.17,2.55,89,100,2.51
388,vanimo,-2.67,81.99,79,100,14.16
389,lompoc,34.64,38.1,86,1,15.43
390,aleksandrovskoye,44.71,41.0,65,75,6.71
391,marawi,8.0,75.99,87,94,5.99
392,port hardy,50.7,17.6,72,75,8.05
393,bonga,7.28,70.81,51,0,1.63
394,carapur,15.55,80.6,69,20,10.29
395,florianopolis,-27.61,85.08,69,40,11.41
396,druzhba,52.04,33.51,98,100,4.41
397,upata,8.01,83.48,54,41,5.46
398,matara,5.95,75.4,81,75,1.61
399,kontagora,10.4,100.83,12,0,3.47
400,sakakah,29.97,59.0,22,48,6.93
401,voyvozh,62.89,5.85,95,48,9.19
402,caravelas,-17.71,79.79,71,83,7.09
403,lloydminster,53.28,-32.8,66,20,12.75
404,lakatoro,-16.1,81.91,81,100,21.41
405,north bend,43.41,38.93,100,90,3.53
406,lagoa,39.05,57.94,63,0,20.36
407,burnie,-41.07,60.1,82,87,3.0
408,gambela,8.25,95.65,19,0,2.17
409,tsumeb,-19.23,82.4,37,40,11.41
410,iralaya,15.0,80.6,83,20,11.41
411,sayat,38.78,36.82,45,0,2.06
412,roma,43.21,34.66,77,90,5.82
413,kiunga,-6.12,70.77,98,100,1.52
414,tuatapere,-46.13,48.99,92,96,3.0
415,mana,5.66,87.03,58,12,6.91
416,kamaishi,39.27,32.88,85,87,3.83
417,katghora,22.5,64.09,43,0,2.82
418,mogadouro,41.34,47.86,73,94,14.05
419,dong hoi,17.48,67.03,88,23,5.53
420,pringsewu,-5.36,73.15,95,100,0.94
421,devonport,-41.17,62.33,82,30,3.0
422,adrar,20.5,69.19,14,86,14.99
423,athabasca,54.72,-32.55,98,51,6.06
424,mao,39.89,57.2,58,75,12.75
425,manubul,5.47,81.28,82,96,8.08
426,thinadhoo,0.53,81.77,78,2,15.57
427,ugoofaaru,5.67,81.61,65,0,9.04
428,dalbandin,28.89,42.71,54,0,9.06
429,vostok,46.49,-11.36,96,31,3.44
430,medicine hat,50.05,-13.18,68,90,5.82
431,bouloupari,-21.87,77.99,83,90,11.41
432,qaqortoq,60.72,15.8,61,75,6.04
433,athens,37.98,54.72,62,20,3.36
434,lisala,2.15,96.84,26,11,3.85
435,rosarito,32.33,46.22,87,90,3.36
436,davidson,36.15,53.87,93,90,3.36
437,sabha,27.04,54.64,47,0,14.07
438,turukhansk,65.82,11.44,93,100,15.7
439,kulhudhuffushi,6.62,81.95,61,0,9.06
440,charters towers,-20.1,74.88,86,0,7.7
441,porto novo,6.5,89.6,70,20,10.29
442,fomboni,-12.28,85.28,66,35,1.14
443,gargzdai,55.71,42.8,75,90,24.16
444,qiongshan,20.01,64.4,93,0,4.47
445,salym,60.06,16.83,96,98,4.54
446,langsa,4.47,74.97,92,0,1.59
447,alta floresta,-9.88,84.2,74,20,5.82
448,saldanha,-33.01,71.29,82,36,22.95
449,axim,4.87,87.33,60,67,7.18
450,beyneu,45.32,31.75,90,100,13.33
451,chazuta,-6.57,62.6,100,75,2.24
452,luwuk,-0.95,82.89,78,2,6.13
453,russell,32.35,66.02,93,90,3.8
454,ulukulevo,54.44,24.37,73,90,8.95
455,labuhan,-6.88,76.64,92,100,1.23
456,diu,20.71,70.75,68,0,17.0
457,luderitz,-26.65,80.6,51,0,25.28
458,tukan,53.84,13.1,95,100,6.89
459,codrington,-38.27,70.27,64,0,7.18
460,verkhnevilyuysk,63.45,-10.03,96,83,4.72
461,aktas,49.78,15.8,78,90,22.37
462,simplicio mendes,-7.85,91.72,44,19,6.35
463,canon city,38.44,23.94,42,1,5.82
464,faya,18.39,68.0,22,20,9.17
465,warri,5.52,97.21,37,21,3.42
466,llano de piedra,7.67,80.62,72,29,18.23
467,mayor pablo lagerenza,-19.93,95.74,39,34,14.14
468,dutlwe,-23.98,89.49,26,87,5.91
469,kermanshah,34.31,42.8,35,20,9.17
470,saint-gaudens,43.08,54.09,47,0,4.7
471,george,-33.96,80.6,69,20,11.41
472,shache,38.42,26.49,75,100,4.81
473,college,64.86,0.91,84,90,1.83
474,komsomolskiy,40.43,32.0,78,40,4.32
475,sault sainte marie,46.52,28.4,92,90,5.82
476,mirabad,30.44,43.59,56,0,6.6
477,hay river,60.82,-34.6,73,20,8.05
478,atar,20.52,72.73,12,67,13.87
479,kudahuvadhoo,2.67,81.09,72,0,13.4
480,karpathos,35.51,60.8,55,20,11.41
481,ola,59.58,-5.1,74,66,8.66
482,kantemirovka,49.71,30.16,98,100,4.18
483,pokosnoye,55.53,4.32,96,61,4.03
484,ishikari,43.24,13.66,100,20,2.24
485,vila franca do campo,37.72,60.8,67,20,18.34
486,houston,29.76,70.3,100,90,6.93
487,geraldton,-28.77,73.4,78,0,14.99
488,katangli,51.71,-4.9,90,1,9.01
489,onega,63.91,27.18,91,97,9.57
490,pasighat,28.07,59.61,68,0,4.41
491,chifeng,42.27,8.04,53,63,2.68
492,wabrzezno,53.28,41.79,70,100,13.87
493,ust-nera,64.57,-35.43,99,98,1.45
494,albion,42.24,33.17,86,90,3.36
495,esmeraldas,-19.76,81.19,69,75,5.82
496,lashio,22.93,54.64,73,0,1.79
497,florina,40.78,41.0,75,0,6.93
498,namatanai,-3.67,83.14,75,100,12.48
499,mackay,-21.15,77.45,78,40,6.93
500,kanniyakumari,8.08,79.14,77,100,19.22
501,grindavik,63.84,34.84,80,75,25.28
502,poindimie,-20.93,77.61,84,74,20.45
503,umm kaddadah,13.6,85.95,7,0,8.7
504,maceio,-9.67,86.0,58,75,11.41
505,koboko,3.41,87.08,22,0,6.62
506,dwarka,22.24,69.6,53,19,10.13
507,kazachinskoye,57.7,14.02,89,100,8.3
508,prainha,-1.8,91.29,44,55,5.73
509,chelbasskaya,45.98,39.0,83,100,4.47
510,dahuk,36.87,38.84,58,0,1.86
511,bulalacao,12.33,77.13,82,17,20.11
512,nouadhibou,20.93,69.8,40,40,10.29
513,ponta delgada,37.73,60.8,67,20,18.34
514,hirtshals,57.59,44.98,83,60,13.8
515,northam,51.03,55.18,93,75,32.21
516,neiafu,-18.65,75.2,94,75,2.24
517,moose factory,51.26,-9.4,83,1,3.36
518,andenes,69.31,33.84,69,100,20.8
519,comodoro rivadavia,-45.87,68.0,42,75,31.09
520,camopi,3.17,79.68,88,80,4.14
521,medea,36.26,62.6,45,0,6.93
522,biltine,14.53,92.37,6,0,8.12
523,sivas,39.79,26.6,79,100,11.41
524,blagoyevo,63.37,27.84,95,100,8.48
525,ojinaga,29.57,41.0,35,1,4.7
526,challapata,-18.9,51.89,69,39,8.39
527,manicore,-5.81,84.2,74,40,2.24
528,zeya,53.75,-18.24,99,14,2.84
529,les cayes,18.2,78.37,70,0,3.53
530,barra patuca,15.8,80.85,76,0,22.19
531,chimore,-16.98,81.28,88,100,2.15
532,calvinia,-31.47,96.04,15,15,4.83
533,campbell river,50.02,20.48,73,75,6.93
534,salta,-24.79,77.0,73,75,3.36
535,safranbolu,41.25,46.4,70,75,2.24
536,cedar city,37.68,32.0,86,1,13.87
537,balagansk,54.01,2.39,89,100,1.48
538,swift current,50.28,-22.0,74,75,6.93
539,kincardine,56.07,39.7,86,75,10.29
